SAR Image Super-Resolution Evaluation Results
============================================================

Real Images Directory: D:\Desktop\workspace\workspace\edsr\iceye
Fake Images Directory: D:\Desktop\workspace\workspace\ScSR_1\all_SR
Number of Images: 265

Per-Image Metrics:
------------------------------------------------------------
Filename	PSNR(dB)	SSIM	LPIPS	ENL_real	ENL_fake	EPI
ICEYE_QUICKLOOK_SC_244270_20220207T192226_b0000_y0_x0_large_0_1.png	16.2219	0.1863	0.8638	85.9136	26.3068	-0.4217
ICEYE_QUICKLOOK_SC_244270_20220207T192226_b0002_y0_x1024_large_0_0.png	16.2158	0.2710	0.8553	93.8711	30.8800	0.3338
ICEYE_QUICKLOOK_SC_244270_20220207T192226_b0005_y0_x2560_large_1_0.png	16.9145	0.3797	0.6994	54.5583	25.5566	0.3642
ICEYE_QUICKLOOK_SC_244270_20220207T192226_b0005_y0_x2560_large_1_1.png	15.8323	0.3796	0.6662	61.7357	21.9938	0.3187
ICEYE_QUICKLOOK_SC_244270_20220207T192226_b0008_y512_x0_large_0_1.png	13.6491	0.1661	0.8645	89.8159	29.5371	-0.5824
ICEYE_QUICKLOOK_SC_244270_20220207T192226_b0009_y512_x512_large_1_0.png	15.5084	0.2955	0.8586	91.5439	24.3257	0.3667
ICEYE_QUICKLOOK_SC_244270_20220207T192226_b0010_y512_x1024_large_1_1.png	16.2323	0.3569	0.8181	56.2021	30.1989	0.4109
ICEYE_QUICKLOOK_SC_244270_20220207T192226_b0011_y512_x1536_large_0_1.png	16.0987	0.3677	0.7320	59.3692	21.1963	0.3072
ICEYE_QUICKLOOK_SC_244270_20220207T192226_b0011_y512_x1536_large_1_1.png	16.7078	0.3400	0.7458	68.2028	20.1707	0.1751
ICEYE_QUICKLOOK_SC_244270_20220207T192226_b0014_y512_x3072_large_0_0.png	16.7019	0.4072	0.6594	45.2865	21.0748	0.3506
ICEYE_QUICKLOOK_SC_244270_20220207T192226_b0014_y512_x3072_large_0_1.png	17.0951	0.4227	0.6612	44.2031	20.1167	0.3334
ICEYE_QUICKLOOK_SC_244270_20220207T192226_b0014_y512_x3072_large_1_0.png	17.8752	0.4224	0.6236	45.0977	20.3372	0.3247
ICEYE_QUICKLOOK_SC_244270_20220207T192226_b0017_y1024_x512_large_1_0.png	21.4813	0.2563	0.8708	88.9787	26.5293	-0.1708
ICEYE_QUICKLOOK_SC_244270_20220207T192226_b0020_y1024_x2048_large_1_0.png	16.8262	0.3582	0.7697	78.2748	32.4928	0.3406
ICEYE_QUICKLOOK_SC_244270_20220207T192226_b0021_y1024_x2560_large_0_1.png	15.5769	0.4218	0.6150	40.3662	18.2301	0.3846
ICEYE_QUICKLOOK_SC_244270_20220207T192226_b0021_y1024_x2560_large_1_0.png	20.1735	0.4156	0.6300	44.3271	26.1491	0.3473
ICEYE_QUICKLOOK_SC_244270_20220207T192226_b0026_y1536_x1024_large_0_1.png	22.2095	0.4114	0.7353	29.6595	24.5768	0.3564
ICEYE_QUICKLOOK_SC_244270_20220207T192226_b0029_y1536_x2560_large_1_0.png	11.9090	0.3288	0.7916	60.4234	18.9026	0.3936
ICEYE_QUICKLOOK_SC_244270_20220207T192226_b0031_y1536_x3584_large_1_0.png	19.8685	0.3476	0.8618	103.0451	52.9584	0.3370
ICEYE_QUICKLOOK_SC_244270_20220207T192226_b0033_y2048_x512_large_0_0.png	18.1354	0.3982	0.6375	42.7398	20.5760	0.3475
ICEYE_QUICKLOOK_SC_244270_20220207T192226_b0033_y2048_x512_large_0_1.png	17.2359	0.3611	0.7685	82.2988	31.1818	0.2971
ICEYE_QUICKLOOK_SC_244270_20220207T192226_b0033_y2048_x512_large_1_1.png	20.8833	0.4134	0.7139	26.2794	19.7452	0.2705
ICEYE_QUICKLOOK_SC_244270_20220207T192226_b0034_y2048_x1024_large_0_0.png	22.1250	0.4062	0.7309	22.1340	22.3955	0.3595
ICEYE_QUICKLOOK_SC_244270_20220207T192226_b0034_y2048_x1024_large_0_1.png	22.0127	0.4023	0.7786	33.8577	39.4710	0.3926
ICEYE_QUICKLOOK_SC_244270_20220207T192226_b0034_y2048_x1024_large_1_0.png	22.4919	0.4082	0.7474	26.1428	21.3564	0.3020
ICEYE_QUICKLOOK_SC_244270_20220207T192226_b0034_y2048_x1024_large_1_1.png	22.9083	0.3754	0.7929	76.1033	44.4409	0.3025
ICEYE_QUICKLOOK_SC_244270_20220207T192226_b0037_y2048_x2560_large_0_0.png	14.0509	0.3662	0.7804	43.3860	23.2371	0.4148
ICEYE_QUICKLOOK_SC_244270_20220207T192226_b0037_y2048_x2560_large_0_1.png	12.6799	0.3323	0.8225	47.4527	19.2885	0.4035
ICEYE_QUICKLOOK_SC_244270_20220207T192226_b0038_y2048_x3072_large_0_0.png	15.5892	0.3737	0.8088	47.2121	31.7572	0.4179
ICEYE_QUICKLOOK_SC_244270_20220207T192226_b0041_y2560_x512_large_1_1.png	14.4929	0.3626	0.7472	72.9570	21.8651	0.3325
ICEYE_QUICKLOOK_SC_244270_20220207T192226_b0043_y2560_x1536_large_1_0.png	11.4364	0.3309	0.8027	94.9849	26.7034	0.4129
ICEYE_QUICKLOOK_SC_244270_20220207T192226_b0053_y3072_x2560_large_1_0.png	25.0477	0.4363	0.8380	9.7393	14.4836	0.4222
ICEYE_QUICKLOOK_SC_244270_20220207T192226_b0056_y3584_x0_large_0_0.png	17.7519	0.3418	0.7594	75.8664	24.7599	0.2484
ICEYE_QUICKLOOK_SC_244270_20220207T192226_b0056_y3584_x0_large_0_1.png	19.5847	0.3569	0.7818	77.9102	38.3031	0.3474
ICEYE_QUICKLOOK_SC_244270_20220207T192226_b0058_y3584_x1024_large_0_0.png	18.0321	0.3776	0.7401	53.8735	28.6946	0.3805
ICEYE_QUICKLOOK_SC_244270_20220207T192226_b0058_y3584_x1024_large_1_0.png	17.6332	0.4012	0.6990	49.5192	27.1388	0.3766
ICEYE_QUICKLOOK_SC_244270_20220207T192226_b0058_y3584_x1024_large_1_1.png	20.7437	0.4120	0.7241	57.6031	40.8687	0.3912
ICEYE_QUICKLOOK_SC_244270_20220207T192226_b0059_y3584_x1536_large_0_1.png	17.8169	0.3981	0.7152	61.8136	28.0857	0.3312
ICEYE_QUICKLOOK_SC_244270_20220207T192226_b0060_y3584_x2048_large_1_0.png	20.8992	0.3841	0.8371	48.5827	19.4496	0.1929
ICEYE_QUICKLOOK_SC_244270_20220207T192226_b0061_y3584_x2560_large_1_0.png	23.5562	0.4230	0.7745	7.7694	10.1273	0.4122
ICEYE_QUICKLOOK_SC_244270_20220207T192226_b0061_y3584_x2560_large_1_1.png	14.4385	0.2807	0.8838	17.2313	17.0031	0.1002
ICEYE_QUICKLOOK_SLEA_4110663_20240605T075214_b0001_y0_x512_large_1_0.png	15.8923	0.2014	0.9044	175.1131	26.0164	-1.7212
ICEYE_QUICKLOOK_SLEA_4110663_20240605T075214_b0002_y0_x1024_large_1_1.png	19.7220	0.2362	0.9127	152.7984	16.1478	-1.4018
ICEYE_QUICKLOOK_SLEA_4110663_20240605T075214_b0003_y0_x1536_large_0_0.png	19.8527	0.2038	0.8847	250.4948	23.3952	-1.3855
ICEYE_QUICKLOOK_SLEA_4110663_20240605T075214_b0004_y0_x2048_large_1_1.png	15.7183	0.1899	0.8994	366.5579	17.0524	-1.7676
ICEYE_QUICKLOOK_SLEA_4110663_20240605T075214_b0005_y0_x2560_large_1_0.png	19.5496	0.1755	0.8679	405.6867	25.4994	-2.1807
ICEYE_QUICKLOOK_SLEA_4110663_20240605T075214_b0005_y0_x2560_large_1_1.png	19.3444	0.2490	0.8525	461.0344	67.7881	-1.1141
ICEYE_QUICKLOOK_SLEA_4110663_20240605T075214_b0009_y512_x512_large_0_0.png	15.4178	0.2184	0.8995	159.4361	25.8082	-1.6100
ICEYE_QUICKLOOK_SLEA_4110663_20240605T075214_b0010_y512_x1024_large_0_0.png	17.8342	0.1937	0.9130	218.6407	22.6889	-1.9396
ICEYE_QUICKLOOK_SLEA_4110663_20240605T075214_b0011_y512_x1536_large_1_0.png	19.5313	0.1967	0.8658	582.3542	33.0988	-1.9088
ICEYE_QUICKLOOK_SLEA_4110663_20240605T075214_b0012_y512_x2048_large_0_0.png	20.0136	0.1951	0.8853	595.5044	35.5770	-1.8930
ICEYE_QUICKLOOK_SLEA_4110663_20240605T075214_b0013_y512_x2560_large_1_1.png	19.1144	0.2080	0.8522	621.7956	38.0994	-1.6923
ICEYE_QUICKLOOK_SLEA_4110663_20240605T075214_b0016_y1024_x0_large_0_0.png	21.0824	0.2034	0.8626	579.3458	39.6924	-1.8204
ICEYE_QUICKLOOK_SLEA_4110663_20240605T075214_b0021_y1024_x2560_large_1_0.png	16.9052	0.4294	0.6141	4.8876	8.1193	0.3235
ICEYE_QUICKLOOK_SLEA_4110663_20240605T075214_b0022_y1024_x3072_large_0_1.png	18.7344	0.3974	0.7974	564.5977	232.8379	-0.0860
ICEYE_QUICKLOOK_SLEA_4110663_20240605T075214_b0024_y1536_x0_large_1_1.png	22.5172	0.3601	0.7852	282.2713	71.4349	-0.2940
ICEYE_QUICKLOOK_SLEA_4110663_20240605T075214_b0025_y1536_x512_large_1_0.png	19.0054	0.3057	0.8113	595.7933	137.6568	-0.6266
ICEYE_QUICKLOOK_SLEA_4110663_20240605T075214_b0025_y1536_x512_large_1_1.png	21.7606	0.2294	0.8474	553.6795	51.9868	-1.3746
ICEYE_QUICKLOOK_SLEA_4110663_20240605T075214_b0026_y1536_x1024_large_1_1.png	21.4310	0.5333	0.6754	167.4450	165.7236	0.3461
ICEYE_QUICKLOOK_SLEA_4110663_20240605T075214_b0029_y1536_x2560_large_1_1.png	20.7427	0.4990	0.5835	4.6976	6.2620	0.3890
ICEYE_QUICKLOOK_SLEA_4110663_20240605T075214_b0031_y1536_x3584_large_0_1.png	16.4943	0.1903	0.8784	653.1459	28.1280	-1.9465
ICEYE_QUICKLOOK_SLEA_4110663_20240605T075214_b0033_y2048_x512_large_1_0.png	21.3862	0.5273	0.6580	40.2887	53.2823	0.3686
ICEYE_QUICKLOOK_SLEA_4110663_20240605T075214_b0039_y2048_x3584_large_1_0.png	15.1404	0.1720	0.8654	708.2635	23.7488	-2.2688
ICEYE_QUICKLOOK_SLEA_4110663_20240605T075214_b0045_y2560_x2560_large_0_1.png	22.7271	0.3851	0.7967	593.1715	187.1303	-0.1861
ICEYE_QUICKLOOK_SLEA_4110663_20240605T075214_b0045_y2560_x2560_large_1_0.png	16.9330	0.3445	0.8085	475.7742	150.4993	-0.3731
ICEYE_QUICKLOOK_SLEA_4110663_20240605T075214_b0053_y3072_x2560_large_1_1.png	18.6785	0.3068	0.8292	473.1606	99.5856	-0.6140
ICEYE_QUICKLOOK_SLEA_4110663_20240605T075214_b0054_y3072_x3072_large_1_0.png	18.6340	0.2869	0.8396	501.5561	96.4459	-0.7786
ICEYE_QUICKLOOK_SLEA_4110663_20240605T075214_b0056_y3584_x0_large_0_0.png	20.0681	0.2095	0.8901	417.0770	30.5901	-1.6128
ICEYE_QUICKLOOK_SLEA_4110663_20240605T075214_b0056_y3584_x0_large_1_0.png	22.3851	0.3006	0.8745	142.0648	36.8438	-0.3643
ICEYE_QUICKLOOK_SLEA_4110663_20240605T075214_b0057_y3584_x512_large_0_1.png	14.4387	0.4392	0.7868	175.5706	174.0904	0.2380
ICEYE_QUICKLOOK_SLEA_4110663_20240605T075214_b0057_y3584_x512_large_1_0.png	12.5866	0.3611	0.8717	131.6116	127.8478	0.1416
ICEYE_QUICKLOOK_SLEA_4110663_20240605T075214_b0059_y3584_x1536_large_1_1.png	15.2842	0.2678	0.8872	196.1992	64.2413	-0.4983
ICEYE_QUICKLOOK_SLEDP_4076767_20240516T080038_b0000_y0_x0_large_0_1.png	22.2565	0.6630	0.5391	6.3641	21.8073	0.2639
ICEYE_QUICKLOOK_SLEDP_4076767_20240516T080038_b0001_y0_x512_large_0_1.png	17.0566	0.4486	0.5462	3.4193	23.1196	0.2964
ICEYE_QUICKLOOK_SLEDP_4076767_20240516T080038_b0004_y0_x2048_large_1_1.png	16.7583	0.4461	0.5532	2.1293	11.7873	0.3153
ICEYE_QUICKLOOK_SLEDP_4076767_20240516T080038_b0005_y0_x2560_large_1_0.png	19.5515	0.5938	0.5569	6.6383	35.4853	0.3903
ICEYE_QUICKLOOK_SLEDP_4076767_20240516T080038_b0006_y0_x3072_large_0_0.png	16.8412	0.4137	0.6402	2.5783	12.4005	0.3250
ICEYE_QUICKLOOK_SLEDP_4076767_20240516T080038_b0006_y0_x3072_large_0_1.png	16.5542	0.4927	0.5983	2.5643	17.7702	0.3170
ICEYE_QUICKLOOK_SLEDP_4076767_20240516T080038_b0010_y512_x1536_large_0_1.png	15.9909	0.4015	0.6002	1.9635	9.6826	0.3106
ICEYE_QUICKLOOK_SLEDP_4076767_20240516T080038_b0010_y512_x1536_large_1_0.png	17.4578	0.4665	0.5743	4.2795	30.0459	0.3526
ICEYE_QUICKLOOK_SLEDP_4076767_20240516T080038_b0010_y512_x1536_large_1_1.png	16.9372	0.4361	0.5702	2.5774	14.8616	0.3110
ICEYE_QUICKLOOK_SLEDP_4076767_20240516T080038_b0011_y512_x2048_large_0_0.png	14.9188	0.4106	0.5643	2.4093	19.7575	0.3030
ICEYE_QUICKLOOK_SLEDP_4076767_20240516T080038_b0011_y512_x2048_large_1_1.png	18.8719	0.4948	0.5759	3.6992	17.2128	0.3298
ICEYE_QUICKLOOK_SLEDP_4076767_20240516T080038_b0013_y512_x3072_large_0_0.png	19.8064	0.6028	0.5771	2.8145	15.0519	0.3822
ICEYE_QUICKLOOK_SLEDP_4076767_20240516T080038_b0013_y512_x3072_large_1_1.png	17.2580	0.4996	0.5695	1.8759	10.7551	0.3105
ICEYE_QUICKLOOK_SLEDP_4076767_20240516T080038_b0015_y1024_x512_large_1_1.png	17.0857	0.4959	0.5004	6.4920	22.6105	0.2335
ICEYE_QUICKLOOK_SLEDP_4076767_20240516T080038_b0016_y1024_x1024_large_1_0.png	16.1298	0.4836	0.4713	4.5439	41.0503	0.2853
ICEYE_QUICKLOOK_SLEDP_4076767_20240516T080038_b0017_y1024_x1536_large_0_1.png	16.1146	0.3801	0.6647	2.3043	18.6614	0.3196
ICEYE_QUICKLOOK_SLEDP_4076767_20240516T080038_b0017_y1024_x1536_large_1_0.png	14.1368	0.3821	0.5202	1.6548	12.8534	0.3757
ICEYE_QUICKLOOK_SLEDP_4076767_20240516T080038_b0018_y1024_x2048_large_0_1.png	18.4135	0.5724	0.5482	4.5699	27.6122	0.3629
ICEYE_QUICKLOOK_SLEDP_4076767_20240516T080038_b0021_y1536_x0_large_1_1.png	16.5637	0.5720	0.5400	14.8640	125.4942	0.3357
ICEYE_QUICKLOOK_SLEDP_4076767_20240516T080038_b0023_y1536_x1024_large_1_1.png	17.4275	0.5334	0.5754	3.2249	28.0442	0.3059
ICEYE_QUICKLOOK_SLEDP_4076767_20240516T080038_b0027_y1536_x3072_large_0_0.png	15.7166	0.4565	0.5736	1.7359	13.7441	0.3087
ICEYE_QUICKLOOK_SLEDP_4076767_20240516T080038_b0027_y1536_x3072_large_1_0.png	15.8144	0.4176	0.5790	1.7232	10.8924	0.2968
ICEYE_QUICKLOOK_SLEDP_4076767_20240516T080038_b0028_y2048_x0_large_1_1.png	23.5574	0.7147	0.4994	15.6274	63.8261	0.3129
ICEYE_QUICKLOOK_SLEDP_4076767_20240516T080038_b0030_y2048_x1024_large_0_0.png	20.3900	0.6648	0.5385	9.4900	40.2264	0.3234
ICEYE_QUICKLOOK_SLEDP_4076767_20240516T080038_b0031_y2048_x1536_large_1_1.png	16.5874	0.4485	0.5817	2.2185	14.9518	0.3292
ICEYE_QUICKLOOK_SLEDP_4076767_20240516T080038_b0033_y2048_x2560_large_0_1.png	18.5644	0.6038	0.5019	4.7919	28.1356	0.3302
ICEYE_QUICKLOOK_SLEDP_4076767_20240516T080038_b0033_y2048_x2560_large_1_0.png	21.0040	0.5916	0.5197	4.4138	16.1626	0.3175
ICEYE_QUICKLOOK_SLEDP_4076767_20240516T080038_b0034_y2048_x3072_large_0_1.png	18.4847	0.6049	0.5330	2.5820	18.7479	0.3158
ICEYE_QUICKLOOK_SLEDP_4076767_20240516T080038_b0034_y2048_x3072_large_1_0.png	23.9706	0.6901	0.5178	12.5463	17.1748	0.2997
ICEYE_QUICKLOOK_SLEDP_4076767_20240516T080038_b0035_y2560_x0_large_1_1.png	18.4615	0.6042	0.4971	11.0286	47.3424	0.2978
ICEYE_QUICKLOOK_SLEDP_4076767_20240516T080038_b0036_y2560_x512_large_0_1.png	16.5519	0.5543	0.5050	6.3569	55.4249	0.3404
ICEYE_QUICKLOOK_SLEDP_4076767_20240516T080038_b0040_y2560_x2560_large_0_1.png	17.9594	0.5720	0.5625	2.0334	13.7610	0.3473
ICEYE_QUICKLOOK_SLEDP_4076767_20240516T080038_b0040_y2560_x2560_large_1_0.png	18.5792	0.5144	0.5662	2.0287	9.9629	0.3027
ICEYE_QUICKLOOK_SLEDP_4076767_20240516T080038_b0041_y2560_x3072_large_0_0.png	16.8550	0.5653	0.5717	3.6121	34.8772	0.3499
ICEYE_QUICKLOOK_SLEDP_4076767_20240516T080038_b0041_y2560_x3072_large_1_1.png	17.2005	0.4567	0.5651	2.5660	16.8941	0.3050
ICEYE_QUICKLOOK_SLEDP_4076767_20240516T080038_b0042_y3072_x0_large_1_0.png	18.0089	0.6051	0.4805	10.4883	57.0955	0.3053
ICEYE_QUICKLOOK_SLEDP_4076767_20240516T080038_b0043_y3072_x512_large_0_0.png	21.5519	0.6404	0.5544	12.9790	48.1698	0.3034
ICEYE_QUICKLOOK_SLEDP_4076767_20240516T080038_b0045_y3072_x1536_large_0_0.png	14.5921	0.4838	0.5089	2.6943	35.1424	0.2955
ICEYE_QUICKLOOK_SLEDP_4076767_20240516T080038_b0045_y3072_x1536_large_1_0.png	18.8904	0.5245	0.5214	5.4999	28.8479	0.3125
ICEYE_QUICKLOOK_SLEDP_4076767_20240516T080038_b0045_y3072_x1536_large_1_1.png	18.0877	0.5147	0.5436	3.9412	31.0176	0.3512
ICEYE_QUICKLOOK_SLEDP_4076767_20240516T080038_b0050_y3584_x512_large_0_0.png	15.9045	0.5275	0.5059	3.7884	32.9577	0.3097
ICEYE_QUICKLOOK_SLEDP_4076767_20240516T080038_b0052_y3584_x1536_large_0_1.png	16.2193	0.5203	0.5050	6.1721	59.5751	0.3411
ICEYE_QUICKLOOK_SLEDP_4076767_20240516T080038_b0054_y3584_x2560_large_0_1.png	18.9106	0.5839	0.5663	1.5702	7.1937	0.3355
ICEYE_QUICKLOOK_SLEDP_4228243_20240904T003534_b0006_y0_x3072_large_0_0.png	28.6944	0.8895	0.5133	480.5155	693.8844	0.3660
ICEYE_QUICKLOOK_SLEDP_4228243_20240904T003534_b0006_y0_x3072_large_1_1.png	24.7660	0.8417	0.3857	6.4681	18.1256	0.4036
ICEYE_QUICKLOOK_SLEDP_4228243_20240904T003534_b0007_y0_x3584_large_1_0.png	24.0540	0.8657	0.4518	357.8099	1237.4141	0.3768
ICEYE_QUICKLOOK_SLEDP_4228243_20240904T003534_b0008_y512_x0_large_0_0.png	14.3216	0.4107	0.6956	110.4878	37.4425	-1.8516
ICEYE_QUICKLOOK_SLEDP_4228243_20240904T003534_b0008_y512_x0_large_1_0.png	20.5158	0.6627	0.5015	14.4615	30.7897	0.2710
ICEYE_QUICKLOOK_SLEDP_4228243_20240904T003534_b0011_y512_x1536_large_1_1.png	26.1136	0.6732	0.7509	286.3560	46.1992	-1.1569
ICEYE_QUICKLOOK_SLEDP_4228243_20240904T003534_b0014_y512_x3072_large_1_1.png	21.9564	0.7284	0.4903	4.6281	14.7388	0.3339
ICEYE_QUICKLOOK_SLEDP_4228243_20240904T003534_b0015_y512_x3584_large_0_0.png	21.1082	0.7566	0.5256	7.4692	38.8183	0.3551
ICEYE_QUICKLOOK_SLEDP_4228243_20240904T003534_b0017_y1024_x512_large_1_0.png	20.4432	0.7057	0.4731	7.3537	32.9815	0.3285
ICEYE_QUICKLOOK_SLEDP_4228243_20240904T003534_b0018_y1024_x1024_large_1_1.png	25.5720	0.8749	0.4383	41.6330	76.2761	0.3951
ICEYE_QUICKLOOK_SLEDP_4228243_20240904T003534_b0019_y1024_x1536_large_1_1.png	24.4271	0.8529	0.4306	2.5712	7.4585	0.4135
ICEYE_QUICKLOOK_SLEDP_4228243_20240904T003534_b0021_y1024_x2560_large_1_0.png	19.0349	0.7322	0.5253	1.8419	7.8742	0.3132
ICEYE_QUICKLOOK_SLEDP_4228243_20240904T003534_b0022_y1024_x3072_large_0_0.png	17.8105	0.7026	0.5425	1.7307	7.9863	0.3750
ICEYE_QUICKLOOK_SLEDP_4228243_20240904T003534_b0025_y1536_x512_large_0_0.png	8.8143	0.0878	0.9089	480.9431	23.8784	-11.6934
ICEYE_QUICKLOOK_SLEDP_4228243_20240904T003534_b0025_y1536_x512_large_1_1.png	18.3254	0.7020	0.4553	4.0915	35.0962	0.3887
ICEYE_QUICKLOOK_SLEDP_4228243_20240904T003534_b0028_y1536_x2048_large_1_1.png	20.0443	0.6130	0.5173	4.3122	18.2966	0.3167
ICEYE_QUICKLOOK_SLEDP_4228243_20240904T003534_b0031_y1536_x3584_large_0_1.png	27.5766	0.8274	0.4252	21.1839	42.6480	0.3315
ICEYE_QUICKLOOK_SLEDP_4228243_20240904T003534_b0033_y2048_x512_large_0_1.png	19.4480	0.7628	0.5146	3.3324	17.8041	0.4074
ICEYE_QUICKLOOK_SLEDP_4228243_20240904T003534_b0033_y2048_x512_large_1_0.png	18.0568	0.5908	0.7504	335.4405	88.5927	-1.3197
ICEYE_QUICKLOOK_SLEDP_4228243_20240904T003534_b0033_y2048_x512_large_1_1.png	9.6267	0.1017	0.9194	468.7665	24.7157	-10.5743
ICEYE_QUICKLOOK_SLEDP_4228243_20240904T003534_b0035_y2048_x1536_large_0_1.png	20.2543	0.6082	0.5005	4.5396	14.2795	0.3310
ICEYE_QUICKLOOK_SLEDP_4228243_20240904T003534_b0037_y2048_x2560_large_0_1.png	19.2889	0.5840	0.5463	4.0302	16.9363	0.2942
ICEYE_QUICKLOOK_SLEDP_4228243_20240904T003534_b0038_y2048_x3072_large_0_1.png	24.9222	0.7920	0.4160	10.7243	36.4326	0.3641
ICEYE_QUICKLOOK_SLEDP_4228243_20240904T003534_b0040_y2560_x0_large_1_0.png	10.5942	0.1235	0.9158	357.1839	19.8071	-9.2932
ICEYE_QUICKLOOK_SLEDP_4228243_20240904T003534_b0040_y2560_x0_large_1_1.png	19.7841	0.7484	0.4584	2.7283	15.3659	0.3757
ICEYE_QUICKLOOK_SLEDP_4228243_20240904T003534_b0043_y2560_x1536_large_0_0.png	19.7949	0.6806	0.5240	4.8275	19.1908	0.3155
ICEYE_QUICKLOOK_SLEDP_4228243_20240904T003534_b0046_y2560_x3072_large_0_0.png	19.0880	0.6630	0.4883	2.6855	13.8668	0.3353
ICEYE_QUICKLOOK_SLEDP_4228243_20240904T003534_b0047_y2560_x3584_large_0_1.png	17.5104	0.4754	0.7064	47.8640	12.4098	-1.5077
ICEYE_QUICKLOOK_SLEDP_4228243_20240904T003534_b0047_y2560_x3584_large_1_0.png	32.5632	0.8394	0.4444	37.7696	47.9594	0.3957
ICEYE_QUICKLOOK_SLEDP_4228243_20240904T003534_b0049_y3072_x512_large_0_1.png	17.6215	0.6896	0.4997	2.6967	21.2022	0.3371
ICEYE_QUICKLOOK_SLEDP_4228243_20240904T003534_b0050_y3072_x1024_large_1_0.png	20.0964	0.7378	0.4762	6.0686	29.8490	0.3362
ICEYE_QUICKLOOK_SLEDP_4228243_20240904T003534_b0053_y3072_x2560_large_0_1.png	22.3631	0.7296	0.4788	19.2026	60.2524	0.3856
ICEYE_QUICKLOOK_SLEDP_4228243_20240904T003534_b0053_y3072_x2560_large_1_1.png	31.2983	0.8273	0.4537	20.0285	29.6706	0.4043
ICEYE_QUICKLOOK_SLEDP_4228243_20240904T003534_b0054_y3072_x3072_large_0_0.png	18.3677	0.6048	0.6257	35.8280	16.6268	-0.9059
ICEYE_QUICKLOOK_SLEDP_4228243_20240904T003534_b0054_y3072_x3072_large_1_0.png	20.7565	0.6722	0.6168	33.0846	16.4686	-0.4996
ICEYE_QUICKLOOK_SLEDP_4228243_20240904T003534_b0056_y3584_x0_large_1_0.png	17.1101	0.6876	0.4530	5.2934	46.2644	0.3293
ICEYE_QUICKLOOK_SLEDP_4228243_20240904T003534_b0056_y3584_x0_large_1_1.png	17.8558	0.5963	0.5011	5.3079	30.9655	0.3263
ICEYE_QUICKLOOK_SLEDP_4228243_20240904T003534_b0057_y3584_x512_large_1_0.png	19.4902	0.6576	0.4754	12.5244	66.1004	0.3824
ICEYE_QUICKLOOK_SLEDP_4228243_20240904T003534_b0058_y3584_x1024_large_1_0.png	16.6399	0.5648	0.4519	3.4137	19.4120	0.3068
ICEYE_QUICKLOOK_SLEDP_4228243_20240904T003534_b0059_y3584_x1536_large_1_0.png	19.4524	0.6760	0.4381	12.7311	58.8700	0.3025
ICEYE_QUICKLOOK_SLEDP_4228243_20240904T003534_b0060_y3584_x2048_large_0_1.png	22.7145	0.7371	0.5016	7.0463	18.3878	0.3689
ICEYE_QUICKLOOK_SLEDP_4228243_20240904T003534_b0062_y3584_x3072_large_1_0.png	21.1958	0.6409	0.6409	22.8036	12.0166	-0.3802
ICEYE_QUICKLOOK_SLEDP_4228243_20240904T003534_b0062_y3584_x3072_large_1_1.png	9.6811	0.0915	0.8825	484.0561	21.2058	-11.1483
ICEYE_QUICKLOOK_SLEDP_4228243_20240904T003534_b0063_y3584_x3584_large_1_0.png	29.0270	0.7186	0.5315	33.4513	42.7502	0.3592
ICEYE_X11_QUICKLOOK_SLED_3339922_20240129T192207_b0001_y0_x512_large_1_1.png	20.7551	0.4387	0.5853	14.7193	16.3060	0.4041
ICEYE_X11_QUICKLOOK_SLED_3339922_20240129T192207_b0002_y0_x1024_large_0_0.png	23.1364	0.4765	0.6758	31.3103	28.9852	0.3997
ICEYE_X11_QUICKLOOK_SLED_3339922_20240129T192207_b0003_y0_x1536_large_0_0.png	20.1251	0.4224	0.5306	13.5574	17.9697	0.4184
ICEYE_X11_QUICKLOOK_SLED_3339922_20240129T192207_b0003_y0_x1536_large_0_1.png	17.9196	0.4387	0.6209	7.4854	16.2900	0.4077
ICEYE_X11_QUICKLOOK_SLED_3339922_20240129T192207_b0004_y0_x2048_large_0_0.png	17.1008	0.4902	0.6744	4.9145	8.0308	0.4096
ICEYE_X11_QUICKLOOK_SLED_3339922_20240129T192207_b0005_y0_x2560_large_0_0.png	19.6079	0.5021	0.5416	5.1500	19.4806	0.3971
ICEYE_X11_QUICKLOOK_SLED_3339922_20240129T192207_b0005_y0_x2560_large_1_0.png	18.5664	0.4782	0.5881	7.9699	12.5283	0.4430
ICEYE_X11_QUICKLOOK_SLED_3339922_20240129T192207_b0007_y512_x0_large_0_1.png	14.7821	0.2922	0.4686	4.3813	7.9853	0.2851
ICEYE_X11_QUICKLOOK_SLED_3339922_20240129T192207_b0007_y512_x0_large_1_0.png	18.5739	0.4369	0.5254	6.6977	12.3934	0.2959
ICEYE_X11_QUICKLOOK_SLED_3339922_20240129T192207_b0008_y512_x512_large_1_0.png	21.8382	0.4715	0.6349	12.5933	11.8935	0.3989
ICEYE_X11_QUICKLOOK_SLED_3339922_20240129T192207_b0009_y512_x1024_large_0_1.png	17.9178	0.5065	0.6508	4.9581	7.5727	0.4251
ICEYE_X11_QUICKLOOK_SLED_3339922_20240129T192207_b0013_y512_x3072_large_1_1.png	23.0422	0.4431	0.7323	46.3902	26.7348	0.3434
ICEYE_X11_QUICKLOOK_SLED_3339922_20240129T192207_b0014_y1024_x0_large_0_0.png	20.0823	0.4288	0.6005	13.4250	16.4574	0.3900
ICEYE_X11_QUICKLOOK_SLED_3339922_20240129T192207_b0014_y1024_x0_large_0_1.png	24.0712	0.5293	0.5430	28.5754	35.3902	0.4349
ICEYE_X11_QUICKLOOK_SLED_3339922_20240129T192207_b0016_y1024_x1024_large_0_1.png	22.1178	0.5618	0.5261	9.0716	24.6695	0.3854
ICEYE_X11_QUICKLOOK_SLED_3339922_20240129T192207_b0019_y1024_x2560_large_1_0.png	18.5202	0.4655	0.5322	5.2958	13.7075	0.3877
ICEYE_X11_QUICKLOOK_SLED_3339922_20240129T192207_b0023_y1536_x1024_large_0_0.png	19.5783	0.5123	0.6163	5.5917	13.0299	0.3415
ICEYE_X11_QUICKLOOK_SLED_3339922_20240129T192207_b0024_y1536_x1536_large_1_1.png	18.4733	0.4586	0.5662	8.5527	16.8074	0.3998
ICEYE_X11_QUICKLOOK_SLED_3339922_20240129T192207_b0028_y2048_x0_large_0_0.png	24.5541	0.5262	0.5493	18.8540	32.1612	0.4023
ICEYE_X11_QUICKLOOK_SLED_3339922_20240129T192207_b0029_y2048_x512_large_0_1.png	21.9997	0.5683	0.5746	8.2914	11.2453	0.4215
ICEYE_X11_QUICKLOOK_SLED_3339922_20240129T192207_b0032_y2048_x2048_large_0_1.png	20.4370	0.4592	0.5611	7.4446	20.4240	0.3798
ICEYE_X11_QUICKLOOK_SLED_3339922_20240129T192207_b0033_y2048_x2560_large_0_1.png	19.2451	0.4850	0.5718	7.0546	11.4793	0.3881
ICEYE_X11_QUICKLOOK_SLED_3339922_20240129T192207_b0033_y2048_x2560_large_1_1.png	20.4390	0.4772	0.5982	9.5747	17.9436	0.3924
ICEYE_X11_QUICKLOOK_SLED_3339922_20240129T192207_b0037_y2560_x1024_large_1_0.png	15.3642	0.5547	0.6299	4.8183	10.2970	0.4472
ICEYE_X11_QUICKLOOK_SLED_3339922_20240129T192207_b0038_y2560_x1536_large_1_0.png	19.3799	0.5777	0.5873	8.6908	13.2321	0.4792
ICEYE_X11_QUICKLOOK_SLED_3339922_20240129T192207_b0040_y2560_x2560_large_0_0.png	18.1579	0.4721	0.5713	5.1829	11.6563	0.3941
ICEYE_X11_QUICKLOOK_SLED_3339922_20240129T192207_b0042_y3072_x0_large_0_1.png	23.6620	0.5585	0.6177	12.0352	32.1301	0.4302
ICEYE_X11_QUICKLOOK_SLED_3339922_20240129T192207_b0042_y3072_x0_large_1_1.png	20.7076	0.5079	0.6927	8.5294	16.9417	0.4573
ICEYE_X11_QUICKLOOK_SLED_3339922_20240129T192207_b0043_y3072_x512_large_1_0.png	17.7047	0.4576	0.7239	9.7691	16.4624	0.4501
ICEYE_X11_QUICKLOOK_SLED_3339922_20240129T192207_b0049_y3584_x0_large_0_1.png	16.5121	0.4539	0.7517	12.4901	13.9715	0.4607
ICEYE_X11_QUICKLOOK_SLED_3339922_20240129T192207_b0050_y3584_x512_large_0_0.png	17.2200	0.4277	0.7889	31.4980	27.8661	0.4459
ICEYE_X11_QUICKLOOK_SLED_3339922_20240129T192207_b0050_y3584_x512_large_0_1.png	18.3233	0.4676	0.6830	7.9775	10.6082	0.4475
ICEYE_X11_QUICKLOOK_SLED_3339922_20240129T192207_b0052_y3584_x1536_large_0_0.png	17.3443	0.4795	0.6301	14.3967	16.9737	0.4682
ICEYE_X20_QUICKLOOK_SLEDF_4049621_20240429T222841_b0000_y0_x0_large_0_1.png	20.4932	0.5180	0.5646	5.2243	14.1245	0.2995
ICEYE_X20_QUICKLOOK_SLEDF_4049621_20240429T222841_b0002_y0_x1024_large_1_1.png	16.1163	0.3865	0.5907	2.5934	10.5843	0.3303
ICEYE_X20_QUICKLOOK_SLEDF_4049621_20240429T222841_b0003_y0_x1536_large_0_1.png	16.3830	0.4256	0.5607	2.6672	9.3270	0.3355
ICEYE_X20_QUICKLOOK_SLEDF_4049621_20240429T222841_b0003_y0_x1536_large_1_0.png	16.4959	0.3984	0.5654	2.7274	9.7096	0.3342
ICEYE_X20_QUICKLOOK_SLEDF_4049621_20240429T222841_b0006_y0_x3072_large_0_0.png	19.7812	0.5943	0.4636	7.0624	30.8708	0.3407
ICEYE_X20_QUICKLOOK_SLEDF_4049621_20240429T222841_b0006_y0_x3072_large_1_0.png	26.6518	0.7603	0.5277	35.4587	40.6686	0.3933
ICEYE_X20_QUICKLOOK_SLEDF_4049621_20240429T222841_b0006_y0_x3072_large_1_1.png	20.3712	0.6273	0.5110	5.4777	22.5878	0.3267
ICEYE_X20_QUICKLOOK_SLEDF_4049621_20240429T222841_b0009_y512_x1024_large_1_1.png	15.3471	0.3925	0.6154	2.4101	8.5553	0.3280
ICEYE_X20_QUICKLOOK_SLEDF_4049621_20240429T222841_b0010_y512_x1536_large_0_0.png	16.0348	0.3984	0.5742	2.7154	11.4238	0.3368
ICEYE_X20_QUICKLOOK_SLEDF_4049621_20240429T222841_b0011_y512_x2048_large_0_0.png	21.9212	0.5909	0.5048	6.8481	23.1398	0.3453
ICEYE_X20_QUICKLOOK_SLEDF_4049621_20240429T222841_b0014_y1024_x0_large_0_1.png	21.1138	0.5218	0.5731	5.8247	15.0035	0.3051
ICEYE_X20_QUICKLOOK_SLEDF_4049621_20240429T222841_b0015_y1024_x512_large_0_1.png	16.0882	0.3935	0.5442	3.1699	15.1523	0.3302
ICEYE_X20_QUICKLOOK_SLEDF_4049621_20240429T222841_b0016_y1024_x1024_large_1_0.png	17.7477	0.5893	0.5638	3.4902	21.4848	0.3334
ICEYE_X20_QUICKLOOK_SLEDF_4049621_20240429T222841_b0019_y1024_x2560_large_0_1.png	29.3536	0.7625	0.5673	44.6118	113.8242	0.4319
ICEYE_X20_QUICKLOOK_SLEDF_4049621_20240429T222841_b0020_y1024_x3072_large_0_0.png	29.5307	0.7210	0.6229	50.5651	30.1141	0.2004
ICEYE_X20_QUICKLOOK_SLEDF_4049621_20240429T222841_b0020_y1024_x3072_large_1_0.png	26.9210	0.7614	0.4872	22.9263	62.2412	0.3462
ICEYE_X20_QUICKLOOK_SLEDF_4049621_20240429T222841_b0024_y1536_x1536_large_0_1.png	22.8369	0.7057	0.5480	6.6860	18.1854	0.3644
ICEYE_X20_QUICKLOOK_SLEDF_4049621_20240429T222841_b0025_y1536_x2048_large_1_1.png	20.6243	0.7593	0.4507	7.9469	45.9987	0.2893
ICEYE_X20_QUICKLOOK_SLEDF_4049621_20240429T222841_b0029_y2048_x512_large_0_1.png	16.3865	0.5572	0.5439	3.2319	22.0001	0.3061
ICEYE_X20_QUICKLOOK_SLEDF_4049621_20240429T222841_b0029_y2048_x512_large_1_1.png	21.1261	0.6622	0.5156	18.4738	91.0182	0.3610
ICEYE_X20_QUICKLOOK_SLEDF_4049621_20240429T222841_b0030_y2048_x1024_large_1_0.png	23.4151	0.6707	0.5255	12.8535	41.2279	0.3603
ICEYE_X20_QUICKLOOK_SLEDF_4049621_20240429T222841_b0030_y2048_x1024_large_1_1.png	24.8895	0.6593	0.5630	19.6297	38.7117	0.3852
ICEYE_X20_QUICKLOOK_SLEDF_4049621_20240429T222841_b0033_y2048_x2560_large_0_0.png	20.5581	0.6419	0.5004	9.2813	36.2898	0.3443
ICEYE_X20_QUICKLOOK_SLEDF_4049621_20240429T222841_b0035_y2560_x0_large_1_1.png	21.6169	0.7318	0.5558	59.6015	197.3810	0.3816
ICEYE_X20_QUICKLOOK_SLEDF_4049621_20240429T222841_b0037_y2560_x1024_large_1_0.png	21.8861	0.6104	0.5821	4.8706	10.5993	0.3514
ICEYE_X20_QUICKLOOK_SLEDF_4049621_20240429T222841_b0038_y2560_x1536_large_0_0.png	21.9959	0.6112	0.5404	4.4046	11.8653	0.3336
ICEYE_X20_QUICKLOOK_SLEDF_4049621_20240429T222841_b0041_y2560_x3072_large_1_0.png	25.1661	0.7026	0.5300	43.0174	99.5245	0.3165
ICEYE_X20_QUICKLOOK_SLEDF_4049621_20240429T222841_b0043_y3072_x512_large_1_0.png	29.2426	0.7281	0.6198	48.0223	33.9500	0.1839
ICEYE_X20_QUICKLOOK_SLEDF_4049621_20240429T222841_b0044_y3072_x1024_large_1_1.png	21.9483	0.6499	0.5745	8.3787	35.8321	0.3101
ICEYE_X20_QUICKLOOK_SLEDF_4049621_20240429T222841_b0045_y3072_x1536_large_0_0.png	16.8159	0.6083	0.5323	4.6517	35.7772	0.3448
ICEYE_X20_QUICKLOOK_SLEDF_4049621_20240429T222841_b0045_y3072_x1536_large_1_1.png	23.1894	0.6735	0.5991	10.7347	13.0389	0.3147
ICEYE_X20_QUICKLOOK_SLEDF_4049621_20240429T222841_b0046_y3072_x2048_large_1_1.png	18.7941	0.5849	0.5492	2.7637	9.0173	0.3484
ICEYE_X20_QUICKLOOK_SLEDF_4049621_20240429T222841_b0048_y3072_x3072_large_0_0.png	27.6930	0.7311	0.5608	35.6730	36.4284	0.4055
ICEYE_X20_QUICKLOOK_SLEDF_4049621_20240429T222841_b0048_y3072_x3072_large_1_1.png	25.1799	0.6866	0.5216	26.6311	46.4550	0.3503
ICEYE_X20_QUICKLOOK_SLEDF_4049621_20240429T222841_b0049_y3584_x0_large_0_1.png	26.8895	0.7134	0.5911	54.4846	58.4659	0.2863
ICEYE_X23_QUICKLOOK_SLEDF_3521349_20240305T105517_b0000_y0_x0_large_0_0.png	22.7202	0.6469	0.6716	50.2243	36.2688	-0.0213
ICEYE_X23_QUICKLOOK_SLEDF_3521349_20240305T105517_b0002_y0_x1024_large_0_0.png	18.6402	0.5675	0.5564	2.7560	16.4653	0.3284
ICEYE_X23_QUICKLOOK_SLEDF_3521349_20240305T105517_b0002_y0_x1024_large_1_0.png	18.2804	0.5065	0.6012	1.7723	17.1959	0.3279
ICEYE_X23_QUICKLOOK_SLEDF_3521349_20240305T105517_b0002_y0_x1024_large_1_1.png	11.0409	0.1442	0.8824	107.6068	16.3652	-4.6774
ICEYE_X23_QUICKLOOK_SLEDF_3521349_20240305T105517_b0004_y0_x2048_large_0_1.png	16.8958	0.4506	0.5896	21.9828	35.4243	-0.3342
ICEYE_X23_QUICKLOOK_SLEDF_3521349_20240305T105517_b0005_y0_x2560_large_0_0.png	19.6977	0.5932	0.5024	16.4622	31.6784	0.1569
ICEYE_X23_QUICKLOOK_SLEDF_3521349_20240305T105517_b0007_y512_x0_large_1_0.png	14.4510	0.3402	0.8313	49.4096	21.4842	-2.0338
ICEYE_X23_QUICKLOOK_SLEDF_3521349_20240305T105517_b0008_y512_x512_large_0_1.png	13.3707	0.4056	0.6017	3.1358	84.9477	0.2980
ICEYE_X23_QUICKLOOK_SLEDF_3521349_20240305T105517_b0010_y512_x1536_large_1_0.png	9.6976	0.1177	0.8941	111.6806	18.7666	-5.6314
ICEYE_X23_QUICKLOOK_SLEDF_3521349_20240305T105517_b0011_y512_x2048_large_1_0.png	13.2251	0.4487	0.5484	1.3831	30.8267	0.2788
ICEYE_X23_QUICKLOOK_SLEDF_3521349_20240305T105517_b0012_y512_x2560_large_0_0.png	13.2979	0.3557	0.5526	1.0312	13.8166	0.3253
ICEYE_X23_QUICKLOOK_SLEDF_3521349_20240305T105517_b0020_y1024_x3072_large_0_1.png	16.5279	0.5241	0.4796	4.4689	49.4661	0.3173
ICEYE_X23_QUICKLOOK_SLEDF_3521349_20240305T105517_b0022_y1536_x512_large_1_1.png	20.8734	0.4090	0.8333	121.4425	19.9379	-1.7701
ICEYE_X23_QUICKLOOK_SLEDF_3521349_20240305T105517_b0023_y1536_x1024_large_0_0.png	16.7856	0.5857	0.5784	1.8035	15.8983	0.3124
ICEYE_X23_QUICKLOOK_SLEDF_3521349_20240305T105517_b0024_y1536_x1536_large_0_1.png	14.5136	0.4760	0.6546	1.0707	8.9714	0.3175
ICEYE_X23_QUICKLOOK_SLEDF_3521349_20240305T105517_b0025_y1536_x2048_large_0_1.png	13.1972	0.3856	0.5901	0.8932	14.0311	0.3035
ICEYE_X23_QUICKLOOK_SLEDF_3521349_20240305T105517_b0025_y1536_x2048_large_1_1.png	17.0099	0.5642	0.5681	1.2946	9.0433	0.3658
ICEYE_X23_QUICKLOOK_SLEDF_3521349_20240305T105517_b0026_y1536_x2560_large_0_0.png	17.3284	0.5575	0.5156	4.5730	53.1021	0.3114
ICEYE_X23_QUICKLOOK_SLEDF_3521349_20240305T105517_b0026_y1536_x2560_large_0_1.png	19.5949	0.6461	0.5502	15.1781	38.1262	0.0854
ICEYE_X23_QUICKLOOK_SLEDF_3521349_20240305T105517_b0026_y1536_x2560_large_1_1.png	13.7291	0.4250	0.5106	2.5271	68.1119	0.3035
ICEYE_X23_QUICKLOOK_SLEDF_3521349_20240305T105517_b0027_y1536_x3072_large_1_0.png	14.8829	0.4487	0.5382	1.8867	29.0697	0.3057
ICEYE_X23_QUICKLOOK_SLEDF_3521349_20240305T105517_b0027_y1536_x3072_large_1_1.png	14.2388	0.3856	0.5278	1.7241	25.6464	0.3337
ICEYE_X23_QUICKLOOK_SLEDF_3521349_20240305T105517_b0028_y2048_x0_large_1_1.png	18.8288	0.4729	0.5771	2.0707	10.1118	0.3453
ICEYE_X23_QUICKLOOK_SLEDF_3521349_20240305T105517_b0031_y2048_x1536_large_1_1.png	10.8859	0.1596	0.8862	67.9610	15.7134	-4.7122
ICEYE_X23_QUICKLOOK_SLEDF_3521349_20240305T105517_b0034_y2048_x3072_large_0_1.png	17.3592	0.4733	0.5701	1.8100	18.1661	0.3284
ICEYE_X23_QUICKLOOK_SLEDF_3521349_20240305T105517_b0036_y2560_x512_large_1_1.png	14.2752	0.3856	0.5848	2.6061	52.2591	0.3393
ICEYE_X23_QUICKLOOK_SLEDF_3521349_20240305T105517_b0038_y2560_x1536_large_0_1.png	21.3084	0.4767	0.7907	108.8613	22.0469	-1.5494
ICEYE_X23_QUICKLOOK_SLEDF_3521349_20240305T105517_b0041_y2560_x3072_large_0_1.png	17.1724	0.6529	0.5737	24.7405	255.9622	0.4010
ICEYE_X23_QUICKLOOK_SLEDF_3521349_20240305T105517_b0042_y3072_x0_large_0_0.png	17.8874	0.5052	0.5539	3.7985	22.8808	0.3371
ICEYE_X23_QUICKLOOK_SLEDF_3521349_20240305T105517_b0045_y3072_x1536_large_1_1.png	14.2053	0.4503	0.5687	0.8780	10.5947	0.3157
ICEYE_X23_QUICKLOOK_SLEDF_3521349_20240305T105517_b0047_y3072_x2560_large_0_1.png	19.7394	0.5449	0.7044	45.7658	22.2132	-0.8506
ICEYE_X23_QUICKLOOK_SLEDF_3521349_20240305T105517_b0048_y3072_x3072_large_1_1.png	15.1618	0.4639	0.5835	1.4510	17.0674	0.3235
ICEYE_X23_QUICKLOOK_SLEDF_3521349_20240305T105517_b0049_y3584_x0_large_0_1.png	17.8230	0.5194	0.5406	3.0108	23.9210	0.3247
ICEYE_X23_QUICKLOOK_SLEDF_3521349_20240305T105517_b0050_y3584_x512_large_1_0.png	15.5447	0.4295	0.5215	2.6030	33.8405	0.3235
ICEYE_X23_QUICKLOOK_SLEDF_3521349_20240305T105517_b0051_y3584_x1024_large_0_0.png	13.4978	0.3636	0.5290	1.8054	52.3206	0.3297
ICEYE_X23_QUICKLOOK_SLEDF_3521349_20240305T105517_b0054_y3584_x2560_large_1_0.png	14.0667	0.3824	0.5759	1.2654	22.3340	0.3056
ICEYE_X23_QUICKLOOK_SLEDF_3521349_20240305T105517_b0055_y3584_x3072_large_0_1.png	16.1077	0.4686	0.5778	1.8708	23.3904	0.3198
ICEYE_X23_QUICKLOOK_SLEDF_3521349_20240305T105517_b0055_y3584_x3072_large_1_1.png	16.1663	0.4922	0.5595	1.7713	21.3927	0.3141

Average Metrics:
------------------------------------------------------------
PSNR: 18.8515 dB
SSIM: 0.4893
LPIPS: 0.6317 (lower is better)
ENL (Real): 73.1073
ENL (Fake): 40.5824
EPI: -0.1147
FID: 1178.9927 (lower is better)

============================================================
Note:
- PSNR: Peak Signal-to-Noise Ratio
- SSIM: Structural Similarity Index
- LPIPS: Learned Perceptual Image Patch Similarity
- ENL: Equivalent Number of Looks (SAR specific)
- EPI: Edge Preservation Index
- FID: Fréchet Inception Distance
